0.000000000000000000e+00
3.727643924189638983e-03
2.055370031028821293e-02
3.943158221163806099e-02
4.924643979658566151e-02
5.300953217815053409e-02
5.641526403025532571e-02
5.130429865797950240e-02
3.440951451362433966e-02
1.274020373650356329e-02
6.478709124781408327e-03
1.015247649221759016e-02
7.891370856071559109e-03
8.283926136314872634e-04
-3.494038406824163424e-03
-1.494790389143806335e-03
4.286433588457129462e-03
1.642716590414248362e-02
6.103422630332180909e-02
1.258598185871220854e-01
1.309778881861783095e-01
7.625033828148386483e-02
2.569211958992540651e-02
1.661746524915790058e-02
2.857328066147784770e-02
2.467677043727042191e-02
6.905231763637614470e-03
-6.855017932917449597e-03
-2.497180504475483842e-03
2.834719281685378622e-02
3.554643937079481064e-02
2.915928883388827636e-02
4.026315086750140160e-02
5.629293948871681025e-02
3.854805115133454196e-02
1.614537053631778449e-02
3.194131565253813948e-02
6.101774404800590357e-02
5.338636340933433644e-02
2.765691754298348071e-02
2.606520539666828257e-02
9.347315142473895666e-02
1.642536032100445631e-01
1.749902135843225126e-01
1.097168142791065948e-01
4.186807026233970580e-02
8.037891897201670730e-03
2.371817627243830249e-03
5.592827123908146632e-03
1.010463125730412699e-02
2.974310825148937520e-02
6.969130242431779976e-02
8.347727758565542944e-02
6.677677504127482733e-02
4.152961465996898860e-02
3.616026556334051012e-02
2.686510929228886832e-02
1.533166373410016839e-02
1.198001860987092486e-02
1.881852258969488045e-02
5.917595464615994783e-02
1.494248479229954296e-01
1.806795954644436208e-01
1.186200082688785989e-01
4.615273378009440708e-02
1.463324957854690578e-02
3.189039325445970630e-02
3.392779528939353362e-02
1.185773637771613681e-02
-7.970154926069623891e-03
-1.344032230147484096e-02
-2.204071577928135624e-03
3.083033998405482201e-02
8.386174735079393594e-02
1.036372899670953973e-01
6.486870292265171922e-02
1.523845581645807620e-02
-9.883518079233485215e-03
-1.419697724475485305e-02
-1.014481915261126674e-02
-5.690416068789738019e-03
-2.451061314918735225e-03
-1.095297258094917250e-03
-8.581688235589000858e-04
-7.980796760367410599e-04
-6.259940145682262340e-04
-3.404108049030245232e-04
3.882609125614239009e-05
2.493613969383123678e-03
1.501427713694437720e-02
3.345647859318232054e-02
3.643193636161844162e-02
2.021776938007116206e-02
