0.150
0.180
0.170
0.190
0.250
0.180
0.110
0.000
0.100
0.100
0.020
0.000
0.000
0.020
0.040
0.040
0.340
0.730
0.340
0.070
0.060
0.200
0.240
0.070
0.000
0.000
0.000
0.340
0.030
0.060
0.230
0.320
0.000
0.000
0.280
0.380
0.070
0.070
0.050
0.730
0.730
0.640
0.100
0.160
0.120
0.130
0.100
0.070
0.170
0.480
0.250
0.200
0.080
0.280
0.070
0.070
0.100
0.100
0.260
1.000
0.600
0.100
0.140
0.100
0.420
0.100
0.000
0.000
0.000
0.050
0.180
0.520
0.380
0.020
0.000
0.030
0.010
0.010
0.000
0.010
0.000
0.000
0.000
0.000
0.000
0.000
0.000
0.090
0.190
0.110
0.000
0.000
0.000
